00000000.jpg 227 9 205 227 180 327
00000400.jpg 139 180 205 252 139 205
00000300.jpg 205 252 327 281 53 180
00000350.jpg 9 205 227 180 327 227
00000150.jpg 180 9 123 445 252 53
00000401.jpg 9 123 445 252 53 123
00000001.jpg 171 304 108 293 264 313
00000200.jpg 351 19 205 252 281 9
00000151.jpg 281 9 139 252 158 72
00000351.jpg 252 293 264 72 9 447
00000050.jpg 250 140 147 210 452 120
00000250.jpg 327 227 180 72 227 9
00000100.jpg 9 139 252 158 72 9
00000152.jpg 281 327 227 180 72 227
00000201.jpg 180 327 327 180 53 327
00000251.jpg 281 252 327 252 281 180
00000352.jpg 281 327 227 180 72 227
00000402.jpg 281 9 205 180 139 205
00000202.jpg 327 9 9 72 139 205
00000353.jpg 108 293 264 313 451 96
00000354.jpg 76 57 183 125 28 28
00000403.jpg 264 72 139 227 9 445
00000002.jpg 281 180 139 180 205 252
00000051.jpg 227 53 139 227 252 76
00000101.jpg 123 9 205 139 227 72
00000003.jpg 227 9 9 9 325 9
00000355.jpg 72 180 227 9 61 264
00000252.jpg 6 442 118 443 444 368
00000004.jpg 53 139 227 53 139 227
00000301.jpg 124 93 101 450 72 139
00000356.jpg 180 72 227 9 9 9
00000153.jpg 128 293 264 9 227 327
00000203.jpg 72 227 9 162 446 327
00000005.jpg 205 227 180 327 227 53
00000404.jpg 227 327 227 281 9 139
00000357.jpg 128 123 180 128 293 264
00000302.jpg 281 9 281 252 327 180
00000052.jpg 72 227 9 9 9 325
00000006.jpg 445 72 180 227 9 61
00000358.jpg 72 171 128 123 180 128
00000154.jpg 72 9 447 72 139 293
00000102.jpg 32 405 351 19 205 252
00000253.jpg 139 227 9 445 72 180
00000007.jpg 252 281 9 281 252 327
00000053.jpg 227 9 72 9 447 252
00000359.jpg 227 72 281 327 227 180
00000155.jpg 281 139 205 227 327 227
00000008.jpg 227 327 9 9 325 9
00000204.jpg 445 53 9 205 9 445
00000303.jpg 180 72 227 9 9 9
00000405.jpg 227 9 445 72 180 227
00000009.jpg 205 252 281 180 327 327
00000054.jpg 180 9 123 445 252 53
00000156.jpg 9 447 252 293 264 72
00000010.jpg 205 227 9 205 227 180
00000011.jpg 227 327 9 9 325 9
00000205.jpg 327 227 53 139 227 53
00000012.jpg 304 146 288 146 171 146
00000055.jpg 180 327 158 281 327 252
00000013.jpg 123 9 205 139 227 72
00000157.jpg 9 445 72 180 227 9
00000360.jpg 325 9 227 327 9 9
00000304.jpg 252 281 180 281 180 327
00000014.jpg 252 180 281 139 205 227
00000103.jpg 210 452 120 314 32 405
00000254.jpg 447 72 139 293 264 72
00000015.jpg 139 227 9 445 72 180
00000016.jpg 139 205 281 227 9 205
00000206.jpg 140 147 210 452 120 314
00000017.jpg 327 327 180 287 39 82
00000056.jpg 9 227 327 445 327 227
00000158.jpg 146 171 146 158 9 139
00000018.jpg 53 123 325 15 285 325
00000305.jpg 76 57 183 125 28 28
00000406.jpg 180 287 39 82 438 287
00000361.jpg 327 227 281 9 139 252
00000159.jpg 445 123 9 205 139 227
00000306.jpg 139 252 180 281 139 205
00000019.jpg 250 140 147 210 452 120
00000104.jpg 9 123 445 252 53 123
00000255.jpg 252 139 205 180 327 327
00000407.jpg 9 9 72 123 227 72
00000020.jpg 171 171 304 108 293 264
00000057.jpg 227 9 327 445 123 9
00000207.jpg 227 72 281 327 227 180
00000160.jpg 61 264 139 227 9 9
00000021.jpg 9 61 264 139 227 9
00000022.jpg 205 281 227 252 205 281
00000161.jpg 139 205 252 327 281 53
00000105.jpg 252 327 281 53 180 327
00000307.jpg 445 327 227 9 72 9
00000362.jpg 227 327 9 9 72 139
00000408.jpg 313 451 96 250 140 147
00000023.jpg 227 9 205 72 53 123
00000024.jpg 72 139 205 227 327 53
00000162.jpg 327 281 9 205 180 139
00000025.jpg 125 28 28 171 171 304
00000256.jpg 405 351 19 205 252 281
00000026.jpg 205 281 227 9 205 227
00000058.jpg 264 72 139 227 9 445
00000308.jpg 57 183 125 28 28 171
00000409.jpg 281 9 205 180 139 205
00000208.jpg 227 327 9 9 72 139
00000027.jpg 180 128 293 264 9 227
00000028.jpg 227 327 9 9 72 139
00000309.jpg 180 72 227 9 9 9
00000410.jpg 227 9 9 9 325 9
00000059.jpg 9 205 139 227 72 171
00000106.jpg 72 9 9 325 9 227
00000163.jpg 139 252 180 281 139 205
00000363.jpg 123 445 252 180 252 180
00000029.jpg 451 96 250 140 147 210
00000060.jpg 61 264 139 227 9 9
00000257.jpg 57 141 125 449 124 93
00000030.jpg 9 205 281 227 252 205
00000209.jpg 293 264 72 139 227 9
00000411.jpg 205 252 281 180 327 327
00000031.jpg 227 327 445 327 227 9
00000310.jpg 368 9 227 9 445 72
00000164.jpg 123 445 252 180 252 180
00000061.jpg 123 180 327 445 139 72
00000032.jpg 227 180 72 227 9 9
00000033.jpg 9 9 325 9 227 72
00000107.jpg 227 72 139 205 227 327
00000364.jpg 19 340 304 146 288 146
00000034.jpg 314 32 405 351 19 205
00000258.jpg 72 123 227 72 281 327
00000062.jpg 146 171 146 158 9 139
00000165.jpg 281 252 327 180 53 123
00000412.jpg 445 123 227 327 9 9
00000035.jpg 281 327 53 123 180 252
00000365.jpg 72 9 205 252 281 180
00000311.jpg 9 205 252 281 180 327
00000210.jpg 227 9 445 72 180 227
00000108.jpg 264 139 227 9 9 445
00000259.jpg 162 446 327 227 9 327
00000063.jpg 327 9 9 325 9 227
00000166.jpg 9 227 72 9 9 325
00000413.jpg 9 72 9 447 252 293
00000312.jpg 53 139 227 252 76 57
00000211.jpg 447 252 293 264 72 9
00000036.jpg 449 124 93 101 450 72
00000109.jpg 252 293 264 72 9 447
00000366.jpg 325 9 227 9 205 72
00000260.jpg 340 304 146 288 146 171
00000064.jpg 325 15 285 325 260 231
00000037.jpg 61 76 19 340 304 146
00000167.jpg 264 139 227 9 9 445
00000038.jpg 327 227 9 9 72 123
00000414.jpg 205 180 327 327 180 53
00000039.jpg 124 93 101 450 72 139
00000040.jpg 180 445 53 9 205 9
00000261.jpg 139 252 139 252 180 281
00000313.jpg 72 53 123 445 252 180
00000212.jpg 180 281 180 327 281 180
00000367.jpg 227 9 61 264 139 227
00000110.jpg 325 260 231 143 57 141
00000041.jpg 124 93 101 450 72 139
00000314.jpg 72 139 293 264 72 139
00000042.jpg 327 327 180 287 39 82
00000065.jpg 281 227 139 139 205 281
00000168.jpg 53 123 180 252 9 9
00000043.jpg 139 252 139 252 180 281
00000315.jpg 53 139 227 53 139 227
00000213.jpg 252 227 9 205 281 227
00000044.jpg 281 327 227 180 72 227
00000415.jpg 445 53 9 205 9 445
00000262.jpg 9 227 9 445 72 227
00000045.jpg 450 72 139 205 281 252
00000046.jpg 227 72 171 128 123 180
00000316.jpg 139 180 205 252 139 205
00000169.jpg 9 72 9 447 252 293
00000047.jpg 53 123 180 327 445 139
00000368.jpg 9 9 445 123 227 327
00000111.jpg 72 9 447 252 293 264
00000066.jpg 205 227 180 327 227 53
00000214.jpg 139 205 227 327 53 9
00000317.jpg 9 447 72 139 293 264
00000416.jpg 9 9 9 325 9 227
00000048.jpg 139 227 252 76 57 183
00000049.jpg 325 9 227 72 9 9
00000170.jpg 449 124 93 101 450 72
00000263.jpg 180 327 281 180 139 180
00000318.jpg 205 227 327 227 281 9
00000450.jpg 264 139 227 9 9 445
00000451.jpg 123 325 15 285 325 260
00000369.jpg 227 139 139 205 281 227
00000264.jpg 227 9 9 9 325 9
00000112.jpg 327 327 180 287 39 82
00000319.jpg 227 327 445 327 227 9
00000215.jpg 9 205 139 227 72 171
00000067.jpg 281 180 327 281 180 139
00000452.jpg 72 171 128 123 180 128
00000171.jpg 139 139 205 281 227 9
00000453.jpg 123 445 252 180 252 180
00000265.jpg 171 128 123 180 128 293
00000454.jpg 227 9 205 227 9 205
00000320.jpg 445 252 180 252 180 445
00000172.jpg 450 72 139 205 281 252
00000455.jpg 180 281 139 205 227 327
00000417.jpg 9 447 252 293 264 72
00000216.jpg 9 205 180 139 205 252
00000266.jpg 72 139 205 281 252 227
00000456.jpg 327 227 281 9 139 252
00000173.jpg 205 227 327 227 281 9
00000370.jpg 227 9 9 445 123 227
00000068.jpg 327 327 180 287 39 82
00000113.jpg 205 281 252 227 9 205
00000457.jpg 171 304 108 293 264 313
00000267.jpg 205 180 327 327 180 53
00000217.jpg 227 252 205 281 227 139
00000458.jpg 327 281 53 180 327 158
00000174.jpg 205 281 227 139 139 205
00000371.jpg 9 325 9 227 327 9
00000459.jpg 227 72 9 9 325 9
00000321.jpg 143 57 141 125 449 124
00000460.jpg 281 252 227 9 205 281
00000069.jpg 72 9 9 325 9 227
00000175.jpg 9 327 327 227 9 9
00000114.jpg 252 76 57 183 125 28
00000218.jpg 205 139 227 72 171 128
00000461.jpg 123 180 327 445 139 72
00000322.jpg 72 139 227 9 445 72
00000268.jpg 252 281 252 327 252 281
00000462.jpg 180 53 327 281 9 205
00000219.jpg 447 252 293 264 72 9
00000372.jpg 327 53 123 180 252 9
00000115.jpg 281 327 53 123 180 252
00000463.jpg 447 252 293 264 72 9
00000070.jpg 123 227 72 281 327 227
00000220.jpg 146 171 146 158 9 139
00000464.jpg 72 9 447 72 139 293
00000323.jpg 227 72 171 128 123 180
00000465.jpg 227 327 9 9 325 9
00000176.jpg 264 9 227 327 445 327
00000466.jpg 227 9 9 72 123 227
00000418.jpg 141 125 449 124 93 101
00000269.jpg 205 252 281 9 281 252
00000467.jpg 252 293 264 72 9 447
00000116.jpg 72 180 227 9 61 264
00000468.jpg 53 327 281 9 205 180
00000373.jpg 72 227 9 162 446 327
00000221.jpg 445 53 9 205 9 445
00000469.jpg 252 281 180 327 327 180
00000324.jpg 252 293 264 72 9 447
00000177.jpg 118 443 444 368 9 227
00000071.jpg 9 325 9 227 72 9
00000470.jpg 9 9 445 123 227 327
00000222.jpg 9 9 227 72 139 205
00000471.jpg 205 139 227 72 171 128
00000270.jpg 287 39 82 438 287 61
00000472.jpg 180 252 9 9 227 72
00000374.jpg 227 180 72 227 9 9
00000117.jpg 205 180 139 205 252 327
00000419.jpg 227 327 227 281 9 139
00000473.jpg 171 171 304 108 293 264
00000474.jpg 293 264 72 139 227 9
00000475.jpg 252 53 123 325 15 285
00000178.jpg 227 327 9 9 72 139
00000325.jpg 227 180 327 227 53 139
00000223.jpg 19 205 252 281 9 281
00000420.jpg 9 9 72 123 227 72
00000476.jpg 108 293 264 313 451 96
00000271.jpg 180 72 227 9 9 9
00000477.jpg 227 327 9 9 325 9
00000478.jpg 252 180 445 53 9 205
00000072.jpg 139 180 205 252 139 205
00000479.jpg 227 9 445 72 180 227
00000118.jpg 72 9 447 72 139 293
00000421.jpg 9 205 9 445 180 9
00000375.jpg 180 327 327 180 53 327
00000480.jpg 281 9 139 252 158 72
00000179.jpg 9 227 327 9 9 325
00000481.jpg 180 287 39 82 438 287
00000272.jpg 205 180 139 205 252 327
00000224.jpg 227 9 9 9 325 9
00000482.jpg 9 9 325 9 227 72
00000483.jpg 61 76 19 340 304 146
00000326.jpg 227 72 171 128 123 180
00000484.jpg 158 72 9 205 252 281
00000422.jpg 9 447 252 293 264 72
00000485.jpg 325 9 227 72 9 9
00000486.jpg 227 327 9 9 72 139
00000119.jpg 227 9 205 227 9 205
00000073.jpg 288 146 171 146 158 9
00000376.jpg 227 53 139 227 53 139
00000180.jpg 123 9 205 139 227 72
00000225.jpg 281 252 327 180 53 123
00000327.jpg 141 125 449 124 93 101
00000273.jpg 124 93 101 450 72 139
00000487.jpg 108 293 264 313 451 96
00000488.jpg 139 252 158 72 9 205
00000328.jpg 205 227 327 53 9 227
00000423.jpg 72 139 227 9 445 72
00000074.jpg 158 72 9 205 252 281
00000120.jpg 227 9 327 445 123 9
00000489.jpg 293 264 313 451 96 250
00000181.jpg 281 227 252 205 281 227
00000490.jpg 9 72 9 447 252 293
00000491.jpg 76 19 340 304 146 288
00000424.jpg 9 447 72 139 293 264
00000226.jpg 325 9 227 9 205 72
00000492.jpg 281 180 139 180 205 252
00000377.jpg 9 9 445 123 227 327
00000121.jpg 9 205 227 9 205 227
00000493.jpg 327 53 123 180 252 9
00000075.jpg 442 118 443 444 368 9
00000494.jpg 227 9 205 72 53 123
00000329.jpg 405 351 19 205 252 281
00000274.jpg 9 205 227 9 205 227
00000495.jpg 53 139 227 252 76 57
00000182.jpg 28 171 171 304 108 293
00000076.jpg 146 288 146 171 146 158
00000227.jpg 125 28 28 171 171 304
00000425.jpg 227 9 205 281 227 252
00000496.jpg 252 139 205 180 327 327
00000122.jpg 252 293 264 72 9 447
00000497.jpg 57 141 125 449 124 93
00000330.jpg 327 327 227 9 9 72
00000077.jpg 123 9 205 139 227 72
00000275.jpg 227 9 205 72 53 123
00000378.jpg 438 287 61 76 19 340
00000228.jpg 28 171 171 304 108 293
00000498.jpg 205 252 281 180 327 327
00000499.jpg 141 125 449 124 93 101
00000123.jpg 9 227 327 9 9 325
00000331.jpg 327 227 9 327 445 123
00000426.jpg 304 146 288 146 171 146
00000183.jpg 442 118 443 444 368 9
00000500.jpg 9 9 72 139 205 281
00000379.jpg 445 139 72 53 123 445
00000501.jpg 9 205 9 445 180 9
00000078.jpg 9 205 227 180 327 227
00000502.jpg 281 9 281 252 327 180
00000229.jpg 96 250 140 147 210 452
00000332.jpg 260 231 143 57 141 125
00000276.jpg 313 451 96 250 140 147
00000503.jpg 9 9 72 139 205 281
00000124.jpg 327 227 281 9 139 252
00000380.jpg 264 139 227 9 9 445
00000504.jpg 147 210 452 120 314 32
00000505.jpg 9 205 9 445 180 9
00000184.jpg 9 325 9 227 327 9
00000333.jpg 180 445 53 9 205 9
00000427.jpg 53 123 325 15 285 325
00000230.jpg 123 180 252 9 9 227
00000277.jpg 327 158 281 327 252 139
00000381.jpg 452 120 314 32 405 351
00000125.jpg 325 9 227 9 205 72
00000506.jpg 139 252 180 281 139 205
00000079.jpg 227 252 205 281 227 139
00000507.jpg 72 53 123 445 252 180
00000334.jpg 445 123 9 205 139 227
00000508.jpg 450 72 139 205 281 252
00000231.jpg 227 180 327 227 53 139
00000278.jpg 139 205 252 327 281 53
00000509.jpg 39 82 438 287 61 76
00000335.jpg 9 281 252 327 180 53
00000126.jpg 325 9 227 9 205 72
00000428.jpg 123 180 327 445 139 72
00000382.jpg 293 264 9 227 327 445
00000510.jpg 264 72 139 227 9 445
00000185.jpg 9 72 123 227 72 281
00000080.jpg 72 139 205 281 252 227
00000511.jpg 340 304 146 288 146 171
00000336.jpg 61 76 19 340 304 146
00000279.jpg 445 123 227 327 9 9
00000383.jpg 9 9 9 325 9 227
00000512.jpg 9 227 327 445 327 227
00000232.jpg 227 9 9 445 123 227
00000429.jpg 205 281 227 252 205 281
00000513.jpg 9 281 252 327 180 53
00000127.jpg 210 452 120 314 32 405
00000514.jpg 72 139 205 281 327 53
00000384.jpg 139 205 252 327 281 53
00000280.jpg 205 252 281 9 281 252
00000186.jpg 139 227 9 9 445 123
00000515.jpg 327 53 9 227 9 327
00000337.jpg 180 53 327 281 9 205
00000516.jpg 128 293 264 9 227 327
00000517.jpg 9 72 123 227 72 281
00000518.jpg 9 227 9 445 72 227
00000081.jpg 139 252 139 252 180 281
00000519.jpg 446 327 227 9 327 445
00000128.jpg 293 264 72 9 447 72
00000520.jpg 180 205 252 139 205 180
00000338.jpg 19 340 304 146 288 146
00000430.jpg 445 327 227 9 72 9
00000385.jpg 180 128 293 264 9 227
00000281.jpg 9 9 325 9 227 9
00000233.jpg 125 28 28 171 171 304
00000521.jpg 143 57 141 125 449 124
00000082.jpg 327 327 180 53 327 281
00000522.jpg 125 28 28 171 171 304
00000187.jpg 171 304 108 293 264 313
00000523.jpg 304 108 293 264 313 451
00000524.jpg 227 9 205 227 9 205
00000083.jpg 293 264 72 9 447 72
00000129.jpg 227 72 281 327 227 180
00000386.jpg 9 9 445 123 227 327
00000339.jpg 9 325 9 227 327 9
00000431.jpg 264 9 227 327 445 327
00000525.jpg 9 447 252 293 264 72
00000282.jpg 227 9 205 72 53 123
00000234.jpg 139 252 139 252 180 281
00000526.jpg 281 252 227 9 205 281
00000084.jpg 205 252 327 281 53 180
00000527.jpg 28 28 171 171 304 108
00000528.jpg 128 293 264 9 227 327
00000432.jpg 327 227 9 327 445 123
00000529.jpg 171 171 304 108 293 264
00000530.jpg 227 9 327 445 123 9
00000188.jpg 180 287 39 82 438 287
00000531.jpg 171 304 108 293 264 313
00000387.jpg 53 180 327 158 281 327
00000085.jpg 180 252 9 9 227 72
00000130.jpg 76 19 340 304 146 288
00000532.jpg 205 252 327 281 53 180
00000283.jpg 9 445 72 227 9 162
00000340.jpg 53 9 227 9 327 327
00000433.jpg 140 147 210 452 120 314
00000533.jpg 451 96 250 140 147 210
00000235.jpg 139 227 9 9 445 123
00000534.jpg 293 264 72 139 227 9
00000086.jpg 9 447 72 139 293 264
00000388.jpg 304 108 293 264 313 451
00000535.jpg 205 139 227 72 171 128
00000536.jpg 171 171 304 108 293 264
00000284.jpg 205 227 9 205 227 180
00000537.jpg 325 9 227 327 9 9
00000189.jpg 9 205 281 227 252 205
00000538.jpg 139 205 252 327 281 53
00000131.jpg 281 327 227 180 72 227
00000539.jpg 180 53 327 281 9 205
00000434.jpg 327 227 9 72 9 447
00000341.jpg 9 139 252 158 72 9
00000236.jpg 123 325 15 285 325 260
00000540.jpg 252 205 281 227 139 139
00000389.jpg 9 445 123 227 327 9
00000541.jpg 445 252 53 123 325 15
00000542.jpg 205 9 445 180 9 123
00000285.jpg 264 139 227 9 9 445
00000543.jpg 15 285 325 260 231 143
00000087.jpg 96 250 140 147 210 452
00000544.jpg 227 9 445 72 180 227
00000545.jpg 252 227 9 205 281 227
00000190.jpg 72 9 9 325 9 227
00000132.jpg 281 227 139 139 205 281
00000342.jpg 205 252 281 9 281 252
00000237.jpg 139 227 9 9 445 123
00000390.jpg 252 139 205 180 327 327
00000546.jpg 445 252 180 252 180 445
00000286.jpg 327 445 139 72 53 123
00000547.jpg 227 9 445 72 227 9
00000548.jpg 227 327 9 9 325 9
00000435.jpg 123 227 327 9 9 72
00000549.jpg 9 9 325 9 227 327
00000088.jpg 205 227 327 53 9 227
00000550.jpg 351 19 205 252 281 9
00000238.jpg 28 28 171 171 304 108
00000391.jpg 325 9 227 9 205 72
00000551.jpg 180 327 327 180 287 39
00000133.jpg 180 327 158 281 327 252
00000287.jpg 205 139 227 72 171 128
00000392.jpg 281 180 139 180 205 252
00000191.jpg 447 72 139 293 264 72
00000552.jpg 9 205 227 180 327 227
00000343.jpg 205 281 227 139 139 205
00000553.jpg 205 252 139 205 180 327
00000393.jpg 252 180 281 139 205 227
00000554.jpg 72 53 123 445 252 180
00000555.jpg 205 281 227 252 205 281
00000089.jpg 9 205 180 139 205 252
00000556.jpg 281 227 252 205 281 227
00000436.jpg 252 281 252 327 252 281
00000394.jpg 281 180 327 327 180 287
00000288.jpg 72 139 205 281 327 53
00000134.jpg 250 140 147 210 452 120
00000557.jpg 171 128 123 180 128 293
00000558.jpg 445 252 180 252 180 445
00000192.jpg 227 9 61 264 139 227
00000344.jpg 327 180 53 327 281 9
00000239.jpg 205 252 281 9 281 252
00000437.jpg 327 180 53 327 281 9
00000090.jpg 57 183 125 28 28 171
00000395.jpg 128 123 180 128 293 264
00000289.jpg 9 9 325 9 227 327
00000135.jpg 123 180 327 445 139 72
00000193.jpg 123 180 128 293 264 9
00000345.jpg 123 180 128 293 264 9
00000396.jpg 227 327 9 9 72 139
00000559.jpg 205 281 227 9 205 227
00000240.jpg 180 53 327 281 9 205
00000560.jpg 264 139 227 9 9 445
00000561.jpg 139 205 281 252 227 9
00000194.jpg 252 281 180 281 180 327
00000346.jpg 281 327 227 180 72 227
00000136.jpg 227 72 9 9 325 9
00000438.jpg 444 368 9 227 9 445
00000290.jpg 327 445 123 9 205 139
00000397.jpg 162 446 327 227 9 327
00000091.jpg 76 57 183 125 28 28
00000562.jpg 162 446 327 227 9 327
00000195.jpg 327 9 9 325 9 227
00000563.jpg 9 9 227 72 139 205
00000347.jpg 158 72 9 205 252 281
00000092.jpg 139 252 180 281 139 205
00000241.jpg 123 445 252 180 252 180
00000398.jpg 183 125 28 28 171 171
00000439.jpg 252 139 252 139 252 180
00000291.jpg 327 53 9 227 9 327
00000564.jpg 9 227 9 327 327 227
00000137.jpg 128 293 264 9 227 327
00000565.jpg 288 146 171 146 158 9
00000196.jpg 445 123 227 327 9 9
00000399.jpg 281 327 227 180 72 227
00000566.jpg 325 9 227 72 9 9
00000292.jpg 227 9 445 72 180 227
00000567.jpg 183 125 28 28 171 171
00000348.jpg 123 445 252 53 123 325
00000600.jpg 325 260 231 143 57 141
00000568.jpg 205 252 281 9 281 252
00000093.jpg 445 123 227 327 9 9
00000440.jpg 327 53 123 180 252 9
00000197.jpg 123 227 327 9 9 72
00000569.jpg 141 125 449 124 93 101
00000242.jpg 227 72 281 327 227 180
00000601.jpg 72 227 9 9 9 325
00000138.jpg 139 205 281 327 53 123
00000570.jpg 205 252 327 281 53 180
00000349.jpg 405 351 19 205 252 281
00000293.jpg 451 96 250 140 147 210
00000602.jpg 205 281 252 227 9 205
00000094.jpg 227 252 205 281 227 139
00000571.jpg 327 9 9 325 9 227
00000572.jpg 252 139 205 180 327 327
00000441.jpg 123 205 252 281 252 327
00000198.jpg 445 252 53 123 325 15
00000573.jpg 264 9 227 327 445 327
00000243.jpg 252 293 264 72 9 447
00000574.jpg 180 139 180 205 252 139
00000603.jpg 19 340 304 146 288 146
00000650.jpg 252 293 264 72 9 447
00000139.jpg 72 227 9 9 9 325
00000294.jpg 9 139 252 158 72 9
00000575.jpg 93 101 450 72 139 205
00000095.jpg 158 281 327 252 139 252
00000604.jpg 445 252 180 252 180 445
00000651.jpg 327 158 281 327 252 139
00000576.jpg 327 445 139 72 53 123
00000442.jpg 9 445 123 227 327 9
00000577.jpg 281 327 252 139 252 139
00000295.jpg 227 9 9 445 123 227
00000578.jpg 9 325 9 227 72 9
00000244.jpg 293 264 72 9 447 72
00000579.jpg 72 139 205 281 327 53
00000140.jpg 443 444 368 9 227 9
00000580.jpg 445 252 53 123 325 15
00000605.jpg 327 227 53 139 227 53
00000581.jpg 9 72 123 227 72 281
00000199.jpg 304 108 293 264 313 451
00000096.jpg 227 9 327 327 227 9
00000582.jpg 231 143 57 141 125 449
00000652.jpg 293 264 9 227 327 445
00000583.jpg 445 72 180 227 9 61
00000584.jpg 139 205 227 327 227 281
00000443.jpg 227 53 139 227 53 139
00000585.jpg 9 227 72 9 9 325
00000296.jpg 180 281 139 205 227 327
00000245.jpg 327 252 139 252 139 252
00000097.jpg 53 123 205 252 281 252
00000141.jpg 9 325 9 227 72 9
00000586.jpg 180 72 227 9 9 9
00000700.jpg 53 9 205 9 445 180
00000587.jpg 327 180 53 327 281 9
00000606.jpg 405 351 19 205 252 281
00000588.jpg 285 325 260 231 143 57
00000589.jpg 9 227 9 327 327 227
00000142.jpg 281 53 180 327 158 281
00000246.jpg 304 108 293 264 313 451
00000653.jpg 252 180 281 139 205 227
00000098.jpg 9 445 123 227 327 9
00000297.jpg 227 252 205 281 227 139
00000590.jpg 180 327 158 281 327 252
00000444.jpg 72 53 123 445 252 180
00000607.jpg 180 327 445 139 72 53
00000591.jpg 61 264 139 227 9 9
00000592.jpg 445 53 9 205 9 445
00000247.jpg 180 128 293 264 9 227
00000654.jpg 53 139 227 252 76 57
00000099.jpg 252 53 123 325 15 285
00000593.jpg 446 327 227 9 327 445
00000701.jpg 9 205 72 53 123 180
00000143.jpg 139 205 281 327 53 123
00000594.jpg 327 227 9 72 9 447
00000298.jpg 96 250 140 147 210 452
00000595.jpg 76 57 183 125 28 28
00000608.jpg 32 405 351 19 205 252
00000750.jpg 9 227 327 9 9 325
00000596.jpg 205 227 180 327 227 53
00000144.jpg 76 19 340 304 146 288
00000655.jpg 15 285 325 260 231 143
00000597.jpg 180 281 139 205 227 327
00000751.jpg 281 227 252 205 281 227
00000299.jpg 72 227 9 162 446 327
00000445.jpg 443 444 368 9 227 9
00000248.jpg 53 123 325 15 285 325
00000145.jpg 227 327 9 9 325 9
00000598.jpg 9 327 327 227 9 9
00000656.jpg 205 252 327 281 53 180
00000800.jpg 9 162 446 327 227 9
00000599.jpg 61 264 139 227 9 9
00000702.jpg 180 327 327 180 53 327
00000609.jpg 139 252 180 281 139 205
00000752.jpg 327 445 123 9 205 139
00000146.jpg 139 205 227 327 227 281
00000446.jpg 452 120 314 32 405 351
00000801.jpg 293 264 9 227 327 445
00000249.jpg 227 53 139 227 53 139
00000657.jpg 281 180 281 180 327 281
00000753.jpg 252 139 252 139 252 180
00000850.jpg 9 445 72 227 9 162
00000900.jpg 327 281 180 139 180 205
00000147.jpg 281 252 327 180 53 123
00000447.jpg 327 180 53 123 205 252
00000901.jpg 327 227 53 139 227 53
00000610.jpg 6 442 118 443 444 368
00000658.jpg 139 205 281 252 227 9
00000802.jpg 252 76 57 183 125 28
00000703.jpg 162 446 327 227 9 327
00000754.jpg 281 327 252 139 252 139
00000448.jpg 444 368 9 227 9 445
00000851.jpg 250 140 147 210 452 120
00000659.jpg 9 327 327 227 9 9
00000803.jpg 72 180 227 9 61 264
00000902.jpg 327 53 123 180 252 9
00000852.jpg 180 327 281 180 139 180
00000755.jpg 123 227 72 281 327 227
00000148.jpg 227 9 9 9 325 9
00000853.jpg 281 9 281 252 327 180
00000449.jpg 72 139 205 281 327 53
00000660.jpg 327 9 9 72 139 205
00000804.jpg 15 285 325 260 231 143
00000854.jpg 53 9 205 9 445 180
00000903.jpg 76 19 340 304 146 288
00000950.jpg 449 124 93 101 450 72
00000855.jpg 9 9 325 9 227 72
00000704.jpg 139 205 227 327 53 9
00000756.jpg 53 123 325 15 285 325
00000611.jpg 252 139 205 180 327 327
00000951.jpg 143 57 141 125 449 124
00000149.jpg 227 9 205 281 227 252
00000856.jpg 53 327 281 9 205 180
00000904.jpg 9 9 325 9 227 327
00001000.jpg 72 139 293 264 72 139
00000757.jpg 139 227 53 139 227 252
00000857.jpg 293 264 9 227 327 445
00001001.jpg 139 227 252 76 57 183
00000661.jpg 314 32 405 351 19 205
00000858.jpg 72 9 447 72 139 293
00000805.jpg 123 325 15 285 325 260
00000705.jpg 252 139 252 180 281 139
00000859.jpg 252 327 252 281 180 281
00000952.jpg 6 442 118 443 444 368
00001002.jpg 252 281 180 281 180 327
00000860.jpg 327 227 9 72 9 447
00000758.jpg 445 72 227 9 162 446
00000612.jpg 139 227 9 9 445 123
00000905.jpg 327 9 9 325 9 227
00000861.jpg 252 53 123 325 15 285
00000862.jpg 76 19 340 304 146 288
00000662.jpg 447 252 293 264 72 9
00000806.jpg 252 180 281 139 205 227
00000863.jpg 281 180 139 180 205 252
00000864.jpg 19 340 304 146 288 146
00000706.jpg 139 205 227 327 227 281
00000865.jpg 252 180 281 139 205 227
00000759.jpg 327 281 53 180 327 158
00000866.jpg 227 72 139 205 227 327
00000953.jpg 281 53 180 327 158 281
00000613.jpg 205 252 327 281 53 180
00001003.jpg 313 451 96 250 140 147
00000867.jpg 293 264 313 451 96 250
00000663.jpg 53 139 227 53 139 227
00000868.jpg 72 139 205 227 327 53
00000869.jpg 327 327 180 287 39 82
00000707.jpg 313 451 96 250 140 147
00000870.jpg 227 72 171 128 123 180
00000906.jpg 227 9 9 9 325 9
00000614.jpg 9 72 123 227 72 281
00000760.jpg 281 53 180 327 158 281
00000871.jpg 264 72 139 227 9 445
00000807.jpg 9 205 252 281 180 327
00000872.jpg 205 252 327 281 53 180
00000954.jpg 252 76 57 183 125 28
00001004.jpg 180 72 227 9 9 9
00000873.jpg 327 53 123 180 252 9
00000708.jpg 9 325 9 227 9 205
00000761.jpg 205 281 252 227 9 205
00000664.jpg 227 9 72 9 447 252
00000874.jpg 285 325 260 231 143 57
00000615.jpg 264 72 139 227 9 445
00000875.jpg 327 252 139 252 139 252
00000876.jpg 72 139 205 227 327 53
00000907.jpg 450 72 139 205 281 252
00000877.jpg 123 180 252 9 9 227
00000955.jpg 205 281 227 139 139 205
00000878.jpg 252 180 252 180 445 53
00000709.jpg 9 205 281 227 252 205
00000808.jpg 180 53 123 205 252 281
00001005.jpg 231 143 57 141 125 449
00000879.jpg 9 445 180 9 123 445
00000880.jpg 9 447 252 293 264 72
00000665.jpg 139 205 281 252 227 9
00000762.jpg 139 227 53 139 227 252
00000881.jpg 139 205 180 327 327 180
00000616.jpg 227 9 445 72 227 9
00000908.jpg 123 180 327 445 139 72
00000882.jpg 281 180 327 281 180 139
00000883.jpg 180 327 158 281 327 252
00001006.jpg 180 227 9 61 264 139
00000884.jpg 9 227 9 205 72 53
00000885.jpg 227 9 61 264 139 227
00000666.jpg 327 227 53 139 227 53
00000710.jpg 72 9 447 72 139 293
00000886.jpg 72 9 447 252 293 264
00000887.jpg 227 327 9 9 72 139
00000909.jpg 180 327 445 139 72 53
00000888.jpg 53 123 325 15 285 325
00000809.jpg 205 281 252 227 9 205
00000956.jpg 123 227 72 281 327 227
00000763.jpg 118 443 444 368 9 227
00000889.jpg 9 123 445 252 53 123
00000667.jpg 445 139 72 53 123 445
00000890.jpg 61 76 19 340 304 146
00000891.jpg 9 205 180 139 205 252
00000892.jpg 72 281 327 227 180 72
00000893.jpg 227 9 445 72 227 9
00000617.jpg 180 327 158 281 327 252
00000910.jpg 281 327 252 139 252 139
00001007.jpg 76 19 340 304 146 288
00000894.jpg 9 227 72 9 9 325
00000895.jpg 205 281 227 252 205 281
00000810.jpg 53 139 227 252 76 57
00000764.jpg 327 180 287 39 82 438
00000896.jpg 180 252 9 9 227 72
00000668.jpg 445 252 180 252 180 445
00000957.jpg 9 9 72 123 227 72
00000711.jpg 9 205 227 9 205 227
00000897.jpg 9 325 9 227 9 205
00000898.jpg 9 205 227 9 205 227
00000618.jpg 9 447 252 293 264 72
00000899.jpg 327 227 53 139 227 53
00000811.jpg 139 205 227 327 53 9
00001008.jpg 171 171 304 108 293 264
00000911.jpg 252 139 252 180 281 139
00000765.jpg 227 9 445 72 227 9
00001050.jpg 53 123 180 327 445 139
00000712.jpg 180 227 9 61 264 139
00000669.jpg 252 180 445 53 9 205
00001051.jpg 227 9 205 227 180 327
00000812.jpg 9 205 252 281 180 327
00001052.jpg 252 158 72 9 205 252
00000958.jpg 281 180 139 180 205 252
00001009.jpg 340 304 146 288 146 171
00000619.jpg 227 139 139 205 281 227
00000766.jpg 327 158 281 327 252 139
00001053.jpg 9 72 139 205 281 327
00001054.jpg 139 227 72 171 128 123
00000670.jpg 281 9 139 252 158 72
00000767.jpg 72 180 227 9 61 264
00001055.jpg 123 180 327 445 139 72
00000713.jpg 101 450 72 139 205 281
00000813.jpg 180 327 227 53 139 227
00000912.jpg 313 451 96 250 140 147
00001056.jpg 227 72 9 9 325 9
00000768.jpg 9 227 327 445 327 227
00001057.jpg 180 281 139 205 227 327
00000714.jpg 445 53 9 205 9 445
00000671.jpg 76 57 183 125 28 28
00001010.jpg 146 171 146 158 9 139
00001058.jpg 139 227 72 171 128 123
00000959.jpg 445 72 227 9 162 446
00000913.jpg 57 183 125 28 28 171
00000814.jpg 227 9 72 9 447 252
00000620.jpg 281 227 139 139 205 281
00001059.jpg 340 304 146 288 146 171
00000769.jpg 53 123 180 252 9 9
00001060.jpg 205 281 227 139 139 205
00000715.jpg 147 210 452 120 314 32
00000815.jpg 327 281 53 180 327 158
00001061.jpg 28 28 171 171 304 108
00000770.jpg 205 180 327 327 180 53
00000672.jpg 9 61 264 139 227 9
00001062.jpg 128 293 264 9 227 327
00000621.jpg 57 183 125 28 28 171
00000816.jpg 205 180 139 205 252 327
00000716.jpg 227 139 139 205 281 227
00001063.jpg 252 205 281 227 139 139
00000914.jpg 250 140 147 210 452 120
00000960.jpg 128 293 264 9 227 327
00001011.jpg 227 72 139 205 227 327
00001064.jpg 227 281 9 139 252 158
00001065.jpg 227 180 327 227 53 139
00000717.jpg 340 304 146 288 146 171
00000622.jpg 9 227 9 445 72 227
00000817.jpg 53 123 180 327 445 139
00001012.jpg 9 72 123 227 72 281
00000673.jpg 227 9 445 72 180 227
00001066.jpg 141 125 449 124 93 101
00000771.jpg 53 180 327 158 281 327
00000915.jpg 325 9 227 9 205 72
00001067.jpg 9 325 9 227 72 9
00000961.jpg 9 445 72 180 227 9
00000718.jpg 76 57 183 125 28 28
00000623.jpg 9 227 72 9 9 325
00001013.jpg 53 327 281 9 205 180
00000916.jpg 327 281 9 205 180 139
00001068.jpg 281 252 327 252 281 180
00001014.jpg 445 252 53 123 325 15
00000818.jpg 180 287 39 82 438 287
00001069.jpg 72 9 447 252 293 264
00000962.jpg 314 32 405 351 19 205
00000674.jpg 325 9 227 327 9 9
00000772.jpg 227 139 139 205 281 227
00000624.jpg 53 139 227 53 139 227
00000719.jpg 327 445 327 227 9 72
00000917.jpg 327 227 281 9 139 252
00000773.jpg 264 9 227 327 445 327
00001015.jpg 53 123 180 327 445 139
00001070.jpg 140 147 210 452 120 314
00001071.jpg 180 281 139 205 227 327
00000819.jpg 252 327 281 53 180 327
00000963.jpg 227 9 9 72 123 227
00000625.jpg 72 139 205 227 327 53
00000720.jpg 72 53 123 445 252 180
00000675.jpg 123 445 252 180 252 180
00001072.jpg 442 118 443 444 368 9
00000774.jpg 445 53 9 205 9 445
00001073.jpg 139 227 53 139 227 252
00001016.jpg 293 264 9 227 327 445
00001074.jpg 9 281 252 327 180 53
00000964.jpg 82 438 287 61 76 19
00001075.jpg 205 227 327 53 9 227
00000918.jpg 180 445 53 9 205 9
00001076.jpg 9 9 445 123 227 327
00000721.jpg 9 445 72 227 9 162
00001077.jpg 19 205 252 281 9 281
00000775.jpg 281 180 327 281 180 139
00001017.jpg 205 252 281 252 327 252
00000626.jpg 227 252 76 57 183 125
00001078.jpg 9 205 139 227 72 171
00000676.jpg 139 205 252 327 281 53
00000820.jpg 139 293 264 72 139 227
00000919.jpg 325 9 227 327 9 9
00000722.jpg 53 327 281 9 205 180
00001079.jpg 128 293 264 9 227 327
00000965.jpg 231 143 57 141 125 449
00000723.jpg 325 9 227 72 9 9
00001018.jpg 57 183 125 28 28 171
00000677.jpg 227 9 72 9 447 252
00000776.jpg 9 227 72 139 205 227
00001080.jpg 327 327 227 9 9 72
00000627.jpg 180 327 227 53 139 227
00000966.jpg 53 123 325 15 285 325
00001081.jpg 205 227 9 205 227 180
00001082.jpg 72 9 9 325 9 227
00001019.jpg 205 227 180 327 227 53
00000821.jpg 281 9 281 252 327 180
00000967.jpg 327 180 53 327 281 9
00000920.jpg 445 72 227 9 162 446
00000724.jpg 139 252 158 72 9 205
00001083.jpg 327 227 9 327 445 123
00000678.jpg 9 9 72 123 227 72
00001084.jpg 123 227 72 281 327 227
00000777.jpg 205 281 227 139 139 205
00000725.jpg 93 101 450 72 139 205
00000968.jpg 445 327 227 9 72 9
00001085.jpg 180 128 293 264 9 227
00001020.jpg 183 125 28 28 171 171
00000628.jpg 325 9 227 9 205 72
00001086.jpg 252 293 264 72 9 447
00000921.jpg 118 443 444 368 9 227
00001087.jpg 123 445 252 180 252 180
00000822.jpg 445 139 72 53 123 445
00000726.jpg 125 28 28 171 171 304
00001088.jpg 180 327 327 180 53 327
00000778.jpg 123 180 252 9 9 227
00000969.jpg 205 281 252 227 9 205
00000679.jpg 72 9 205 252 281 180
00001089.jpg 9 205 227 9 205 227
00001090.jpg 9 9 325 9 227 9
00001021.jpg 139 252 139 252 180 281
00000629.jpg 139 72 53 123 445 252
00000922.jpg 304 146 288 146 171 146
00000970.jpg 9 327 445 123 9 205
00000727.jpg 139 205 180 327 327 180
00001091.jpg 252 281 9 281 252 327
00000680.jpg 252 205 281 227 139 139
00000779.jpg 227 9 162 446 327 227
00001092.jpg 125 449 124 93 101 450
00000971.jpg 205 227 327 53 9 227
00000728.jpg 180 227 9 61 264 139
00001093.jpg 9 205 227 9 205 227
00000823.jpg 304 108 293 264 313 451
00001094.jpg 205 281 252 227 9 205
00001022.jpg 53 9 205 9 445 180
00000972.jpg 139 205 281 227 9 205
00000923.jpg 252 139 205 180 327 327
00001095.jpg 327 445 139 72 53 123
00001096.jpg 171 171 304 108 293 264
00000630.jpg 9 205 139 227 72 171
00000681.jpg 139 227 53 139 227 252
00001097.jpg 227 53 139 227 252 76
00000780.jpg 205 252 281 252 327 252
00000729.jpg 252 281 9 281 252 327
00001098.jpg 287 61 76 19 340 304
00000973.jpg 327 227 180 72 227 9
00001099.jpg 9 445 72 227 9 162
00000824.jpg 281 227 139 139 205 281
00001100.jpg 293 264 9 227 327 445
00001101.jpg 53 123 445 252 180 252
00001023.jpg 327 252 139 252 139 252
00000730.jpg 252 53 123 325 15 285
00000924.jpg 57 141 125 449 124 93
00000781.jpg 72 53 123 180 327 445
00000682.jpg 227 9 445 72 227 9
00000974.jpg 449 124 93 101 450 72
00000631.jpg 227 327 53 9 227 9
00001102.jpg 32 405 351 19 205 252
00000975.jpg 9 205 281 227 252 205
00001103.jpg 76 57 183 125 28 28
00000731.jpg 180 9 123 445 252 53
00001104.jpg 72 9 447 72 139 293
00000976.jpg 445 72 227 9 162 446
00000825.jpg 285 325 260 231 143 57
00000782.jpg 327 445 327 227 9 72
00000925.jpg 252 180 281 139 205 227
00001024.jpg 281 327 252 139 252 139
00001105.jpg 180 128 293 264 9 227
00000632.jpg 446 327 227 9 327 445
00001106.jpg 227 9 61 264 139 227
00000683.jpg 147 210 452 120 314 32
00000826.jpg 447 72 139 293 264 72
00000977.jpg 443 444 368 9 227 9
00000732.jpg 72 139 205 281 252 227
00001107.jpg 445 53 9 205 9 445
00001108.jpg 53 139 227 53 139 227
00000926.jpg 32 405 351 19 205 252
00000978.jpg 260 231 143 57 141 125
00001025.jpg 227 180 72 227 9 9
00000633.jpg 304 108 293 264 313 451
00000783.jpg 205 72 53 123 180 327
00001109.jpg 260 231 143 57 141 125
00000684.jpg 327 252 139 252 139 252
00000827.jpg 72 180 227 9 61 264
00001110.jpg 285 325 260 231 143 57
00001111.jpg 9 123 445 252 53 123
00000634.jpg 227 72 9 9 325 9
00000733.jpg 327 445 327 227 9 72
00000685.jpg 327 281 53 180 327 158
00000979.jpg 141 125 449 124 93 101
00000927.jpg 146 171 146 158 9 139
00001112.jpg 125 449 124 93 101 450
00000784.jpg 9 72 123 227 72 281
00000828.jpg 76 57 183 125 28 28
00000635.jpg 405 351 19 205 252 281
00000980.jpg 340 304 146 288 146 171
00001026.jpg 252 281 180 327 327 180
00001113.jpg 227 9 205 72 53 123
00000686.jpg 171 128 123 180 128 293
00000981.jpg 227 9 445 72 180 227
00001114.jpg 139 72 53 123 445 252
00001115.jpg 9 9 9 325 9 227
00000928.jpg 6 442 118 443 444 368
00000734.jpg 9 205 9 445 180 9
00000982.jpg 252 281 252 327 252 281
00000636.jpg 9 445 180 9 123 445
00000829.jpg 9 445 72 180 227 9
00001116.jpg 139 205 227 327 53 9
00000785.jpg 325 9 227 72 9 9
00001117.jpg 57 141 125 449 124 93
00001118.jpg 281 9 205 180 139 205
00000830.jpg 252 227 9 205 281 227
00000983.jpg 281 327 53 123 180 252
00000687.jpg 9 327 445 123 9 205
00000929.jpg 281 9 205 180 139 205
00001119.jpg 53 123 445 252 180 252
00000735.jpg 227 9 445 72 180 227
00001120.jpg 264 72 9 447 72 139
00000637.jpg 252 205 281 227 139 139
00001027.jpg 180 327 227 53 139 227
00000786.jpg 72 9 205 252 281 180
00001121.jpg 327 9 9 72 139 205
00000984.jpg 444 368 9 227 9 445
00000688.jpg 205 227 327 53 9 227
00001122.jpg 442 118 443 444 368 9
00001123.jpg 180 281 139 205 227 327
00001124.jpg 72 139 205 227 327 53
00000930.jpg 180 327 281 180 139 180
00000736.jpg 327 252 139 252 139 252
00000985.jpg 139 252 139 252 180 281
00000831.jpg 327 53 9 227 9 327
00001125.jpg 9 227 72 139 205 227
00000787.jpg 227 72 9 9 325 9
00001126.jpg 120 314 32 405 351 19
00000638.jpg 146 171 146 158 9 139
00001028.jpg 139 252 158 72 9 205
00001127.jpg 158 281 327 252 139 252
00000689.jpg 171 171 304 108 293 264
00000832.jpg 143 57 141 125 449 124
00001128.jpg 9 9 445 123 227 327
00001129.jpg 72 139 205 281 327 53
00000986.jpg 281 180 327 327 180 287
00000737.jpg 9 227 9 327 327 227
00000931.jpg 445 327 227 9 72 9
00001130.jpg 9 227 9 327 327 227
00000788.jpg 252 327 180 53 123 205
00001131.jpg 139 205 252 327 281 53
00000833.jpg 72 180 227 9 61 264
00001132.jpg 327 445 139 72 53 123
00000690.jpg 15 285 325 260 231 143
00000639.jpg 227 72 9 9 325 9
00001133.jpg 128 123 180 128 293 264
00001134.jpg 231 143 57 141 125 449
00001029.jpg 123 227 72 281 327 227
00001135.jpg 9 61 264 139 227 9
00000987.jpg 445 252 53 123 325 15
00000789.jpg 9 205 180 139 205 252
00001136.jpg 205 252 327 281 53 180
00001137.jpg 9 445 72 180 227 9
00001138.jpg 327 445 139 72 53 123
00000932.jpg 447 252 293 264 72 9
00000640.jpg 327 9 9 72 139 205
00000691.jpg 139 252 139 252 180 281
00001139.jpg 252 327 252 281 180 281
00000738.jpg 205 281 252 227 9 205
00001140.jpg 327 445 123 9 205 139
00000790.jpg 53 123 205 252 281 252
00000834.jpg 162 446 327 227 9 327
00000988.jpg 227 9 61 264 139 227
00001141.jpg 9 72 9 447 252 293
00001142.jpg 53 9 205 9 445 180
00000641.jpg 287 61 76 19 340 304
00000933.jpg 252 139 205 180 327 327
00001143.jpg 9 9 227 72 139 205
00001030.jpg 325 9 227 72 9 9
00000791.jpg 57 141 125 449 124 93
00000692.jpg 205 281 227 9 205 227
00001144.jpg 139 227 9 445 72 180
00001145.jpg 72 227 9 9 9 325
00000989.jpg 9 325 9 227 327 9
00001146.jpg 9 9 445 123 227 327
00000739.jpg 327 327 180 53 327 281
00001147.jpg 205 281 252 227 9 205
00000792.jpg 139 180 205 252 139 205
00000642.jpg 327 227 9 327 445 123
00001148.jpg 139 252 180 281 139 205
00000835.jpg 32 405 351 19 205 252
00001149.jpg 123 180 128 293 264 9
00000793.jpg 227 9 205 227 9 205
00000643.jpg 53 123 325 15 285 325
00000934.jpg 93 101 450 72 139 205
00000693.jpg 9 227 72 9 9 325
00001150.jpg 205 180 139 205 252 327
00001151.jpg 205 9 445 180 9 123
00001031.jpg 227 9 61 264 139 227
00000990.jpg 128 293 264 9 227 327
00000740.jpg 9 227 9 445 72 227
00000794.jpg 327 252 281 180 281 180
00001152.jpg 327 445 327 227 9 72
00000644.jpg 227 9 205 227 9 205
00001153.jpg 39 82 438 287 61 76
00000836.jpg 327 227 180 72 227 9
00001154.jpg 93 101 450 72 139 205
00001155.jpg 72 139 205 281 327 53
00001156.jpg 340 304 146 288 146 171
00000694.jpg 139 227 72 171 128 123
00000795.jpg 9 72 123 227 72 281
00000935.jpg 180 139 180 205 252 139
00001157.jpg 9 205 227 180 327 227
00000645.jpg 252 227 9 205 281 227
00000991.jpg 327 227 9 9 72 123
00000796.jpg 125 28 28 171 171 304
00000936.jpg 450 72 139 205 281 252
00001158.jpg 205 139 227 72 171 128
00000695.jpg 227 53 139 227 252 76
00000741.jpg 9 205 281 227 252 205
00000646.jpg 227 327 9 9 72 139
00001159.jpg 293 264 72 139 227 9
00001032.jpg 118 443 444 368 9 227
00001160.jpg 281 227 252 205 281 227
00000837.jpg 445 252 180 252 180 445
00000937.jpg 9 227 9 205 72 53
00000797.jpg 205 227 180 327 227 53
00001161.jpg 108 293 264 313 451 96
00001162.jpg 327 252 281 180 281 180
00001163.jpg 227 327 53 9 227 9
00000647.jpg 139 205 281 227 9 205
00000696.jpg 128 293 264 9 227 327
00000992.jpg 252 180 445 53 9 205
00000742.jpg 368 9 227 9 445 72
00001164.jpg 9 205 227 180 327 227
00001165.jpg 183 125 28 28 171 171
00001033.jpg 252 281 9 281 252 327
00001166.jpg 72 53 123 180 327 445
00000938.jpg 57 141 125 449 124 93
00000838.jpg 101 450 72 139 205 281
00000798.jpg 76 19 340 304 146 288
00001167.jpg 447 72 139 293 264 72
00000648.jpg 9 162 446 327 227 9
00001168.jpg 281 327 53 123 180 252
00000993.jpg 180 139 180 205 252 139
00000939.jpg 252 180 445 53 9 205
00001169.jpg 9 227 9 205 72 53
00000697.jpg 264 313 451 96 250 140
00000799.jpg 180 327 281 180 139 180
00000743.jpg 327 180 53 123 205 252
00001200.jpg 227 9 445 72 227 9
00001170.jpg 9 9 72 139 205 281
00001201.jpg 368 9 227 9 445 72
00001171.jpg 139 205 281 227 9 205
00001034.jpg 180 9 123 445 252 53
00000940.jpg 124 93 101 450 72 139
00001172.jpg 123 180 252 9 9 227
00000649.jpg 123 445 252 53 123 325
00000839.jpg 327 227 180 72 227 9
00000744.jpg 72 9 9 325 9 227
00001173.jpg 327 281 53 180 327 158
00000994.jpg 227 9 327 445 123 9
00001202.jpg 205 252 281 180 327 327
00000941.jpg 9 227 327 9 9 325
00000698.jpg 6 442 118 443 444 368
00001250.jpg 227 9 445 72 227 9
00001174.jpg 445 180 9 123 445 252
00000745.jpg 450 72 139 205 281 252
00001035.jpg 53 139 227 53 139 227
00000942.jpg 61 76 19 340 304 146
00001175.jpg 180 53 327 281 9 205
00000699.jpg 9 205 139 227 72 171
00001176.jpg 205 9 445 180 9 123
00000840.jpg 227 327 9 9 72 139
00001177.jpg 227 72 281 327 227 180
00001203.jpg 304 146 288 146 171 146
00000746.jpg 139 205 227 327 53 9
00000943.jpg 252 158 72 9 205 252
00001251.jpg 227 9 205 227 180 327
00001178.jpg 123 325 15 285 325 260
00000747.jpg 72 139 205 227 327 53
00001300.jpg 252 9 9 227 72 139
00001179.jpg 287 61 76 19 340 304
00000995.jpg 180 327 445 139 72 53
00001204.jpg 281 180 281 180 327 281
00001036.jpg 446 327 227 9 327 445
00001180.jpg 158 281 327 252 139 252
00001301.jpg 327 53 9 227 9 327
00000748.jpg 123 445 252 180 252 180
00001181.jpg 227 9 445 72 227 9
00001252.jpg 327 9 9 72 139 205
00000944.jpg 447 252 293 264 72 9
00001182.jpg 252 139 205 180 327 327
00000841.jpg 139 72 53 123 445 252
00001302.jpg 444 368 9 227 9 445
00000749.jpg 180 53 327 281 9 205
00001183.jpg 9 9 227 72 139 205
00001205.jpg 72 139 205 227 327 53
00001184.jpg 158 281 327 252 139 252
00001303.jpg 9 61 264 139 227 9
00001185.jpg 327 53 123 180 252 9
00000996.jpg 327 252 281 180 281 180
00000945.jpg 9 9 9 325 9 227
00001186.jpg 205 281 327 53 123 180
00001037.jpg 139 205 227 327 53 9
00001253.jpg 72 53 123 445 252 180
00001187.jpg 123 205 252 281 252 327
00001350.jpg 227 9 327 327 227 9
00001188.jpg 9 227 9 205 72 53
00000842.jpg 252 281 180 327 327 180
00001206.jpg 120 314 32 405 351 19
00001304.jpg 139 205 281 227 9 205
00001189.jpg 252 281 180 281 180 327
00000997.jpg 9 205 227 180 327 227
00001190.jpg 227 9 327 445 123 9
00001191.jpg 180 139 205 252 327 281
00001038.jpg 452 120 314 32 405 351
00000946.jpg 205 252 327 281 53 180
00001254.jpg 72 9 9 325 9 227
00001192.jpg 227 72 139 205 227 327
00000843.jpg 227 327 445 327 227 9
00001193.jpg 281 53 180 327 158 281
00001305.jpg 250 140 147 210 452 120
00001194.jpg 72 227 9 9 9 325
00001207.jpg 227 9 205 72 53 123
00001195.jpg 9 72 123 227 72 281
00001196.jpg 72 9 9 325 9 227
00001351.jpg 140 147 210 452 120 314
00001197.jpg 227 252 205 281 227 139
00001039.jpg 180 139 180 205 252 139
00001198.jpg 180 205 252 139 205 180
00000947.jpg 227 180 327 227 53 139
00000998.jpg 227 9 162 446 327 227
00001199.jpg 252 180 252 180 445 53
00001306.jpg 139 205 281 252 227 9
00000999.jpg 180 227 9 61 264 139
00001400.jpg 452 120 314 32 405 351
00001352.jpg 444 368 9 227 9 445
00001255.jpg 180 327 445 139 72 53
00001401.jpg 9 9 9 325 9 227
00000844.jpg 53 123 180 327 445 139
00001208.jpg 227 9 205 227 180 327
00001402.jpg 260 231 143 57 141 125
00000948.jpg 327 252 139 252 139 252
00001353.jpg 252 9 9 227 72 139
00001040.jpg 285 325 260 231 143 57
00001450.jpg 227 9 61 264 139 227
00001403.jpg 139 205 252 327 281 53
00001404.jpg 9 9 325 9 227 327
00001405.jpg 139 205 227 327 53 9
00001256.jpg 53 139 227 252 76 57
00000949.jpg 28 171 171 304 108 293
00001406.jpg 252 158 72 9 205 252
00001354.jpg 281 227 9 205 227 9
00001307.jpg 252 227 9 205 281 227
00001451.jpg 327 445 139 72 53 123
00000845.jpg 139 227 252 76 57 183
00001407.jpg 9 72 123 227 72 281
00001041.jpg 9 9 72 139 205 281
00001408.jpg 9 281 252 327 180 53
00001209.jpg 108 293 264 313 451 96
00001409.jpg 287 61 76 19 340 304
00001355.jpg 227 139 139 205 281 227
00001257.jpg 210 452 120 314 32 405
00001410.jpg 252 76 57 183 125 28
00001308.jpg 445 123 9 205 139 227
00001411.jpg 293 264 9 227 327 445
00001500.jpg 205 180 139 205 252 327
00000846.jpg 180 327 281 180 139 180
00001412.jpg 9 9 72 123 227 72
00001413.jpg 9 9 325 9 227 9
00001452.jpg 281 252 327 252 281 180
00001042.jpg 53 123 180 252 9 9
00001356.jpg 327 227 281 9 139 252
00001414.jpg 180 53 327 281 9 205
00001415.jpg 227 72 9 9 325 9
00001210.jpg 327 445 139 72 53 123
00001416.jpg 139 205 281 227 9 205
00001258.jpg 143 57 141 125 449 124
00001417.jpg 281 180 327 327 180 287
00001309.jpg 327 327 180 53 327 281
00000847.jpg 205 252 281 9 281 252
00001418.jpg 9 327 445 123 9 205
00001501.jpg 9 139 252 158 72 9
00001043.jpg 445 180 9 123 445 252
00001419.jpg 180 327 158 281 327 252
00001357.jpg 281 227 139 139 205 281
00001420.jpg 445 139 72 53 123 445
00001453.jpg 9 325 9 227 9 205
00001310.jpg 72 9 205 252 281 180
00001421.jpg 445 252 53 123 325 15
00001259.jpg 351 19 205 252 281 9
00001422.jpg 72 9 9 325 9 227
00001423.jpg 9 227 9 445 72 227
00001211.jpg 227 72 171 128 123 180
00000848.jpg 9 445 180 9 123 445
00001044.jpg 231 143 57 141 125 449
00001358.jpg 281 227 252 205 281 227
00001424.jpg 449 124 93 101 450 72
00001502.jpg 9 9 445 123 227 327
00001425.jpg 325 9 227 72 9 9
00001311.jpg 252 227 9 205 281 227
00001454.jpg 180 287 39 82 438 287
00001426.jpg 205 227 180 327 227 53
00001427.jpg 72 139 205 281 252 227
00001428.jpg 32 405 351 19 205 252
00000849.jpg 72 180 227 9 61 264
00001429.jpg 123 227 72 281 327 227
00001260.jpg 227 9 72 9 447 252
00001430.jpg 231 143 57 141 125 449
00001550.jpg 205 281 227 252 205 281
00001455.jpg 146 288 146 171 146 158
00001045.jpg 72 9 447 72 139 293
00001212.jpg 325 9 227 72 9 9
00001503.jpg 227 53 139 227 53 139
00001359.jpg 123 325 15 285 325 260
00001312.jpg 139 205 227 327 227 281
00001431.jpg 327 327 227 9 9 72
00001432.jpg 327 180 53 327 281 9
00001261.jpg 9 445 180 9 123 445
00001313.jpg 445 252 53 123 325 15
00001213.jpg 281 327 53 123 180 252
00001433.jpg 327 327 180 287 39 82
00001434.jpg 445 180 9 123 445 252
00001456.jpg 53 123 325 15 285 325
00001046.jpg 180 72 227 9 9 9
00001551.jpg 264 313 451 96 250 140
00001360.jpg 281 180 327 327 180 287
00001435.jpg 53 9 227 9 327 327
00001504.jpg 139 205 281 327 53 123
00001436.jpg 447 72 139 293 264 72
00001314.jpg 227 180 327 227 53 139
00001262.jpg 53 123 205 252 281 252
00001437.jpg 405 351 19 205 252 281
00001438.jpg 139 252 139 252 180 281
00001439.jpg 227 9 445 72 180 227
00001552.jpg 252 180 281 139 205 227
00001214.jpg 252 205 281 227 139 139
00001457.jpg 61 264 139 227 9 9
00001440.jpg 227 180 72 227 9 9
00001263.jpg 287 61 76 19 340 304
00001441.jpg 9 72 9 447 252 293
00001047.jpg 9 227 9 327 327 227
00001361.jpg 325 9 227 327 9 9
00001315.jpg 82 438 287 61 76 19
00001505.jpg 288 146 171 146 158 9
00001442.jpg 293 264 72 139 227 9
00001443.jpg 327 281 53 180 327 158
00001444.jpg 180 327 281 180 139 180
00001445.jpg 9 227 9 327 327 227
00001215.jpg 9 327 327 227 9 9
00001316.jpg 351 19 205 252 281 9
00001553.jpg 252 76 57 183 125 28
00001446.jpg 180 327 327 180 53 327
00001048.jpg 9 445 72 180 227 9
00001447.jpg 9 205 72 53 123 180
00001264.jpg 180 139 180 205 252 139
00001458.jpg 72 9 205 252 281 180
00001448.jpg 281 139 205 227 327 227
00001362.jpg 252 53 123 325 15 285
00001449.jpg 180 139 180 205 252 139
00001506.jpg 147 210 452 120 314 32
00001216.jpg 9 205 227 9 205 227
00001600.jpg 9 445 72 180 227 9
00001601.jpg 180 53 123 205 252 281
00001317.jpg 61 76 19 340 304 146
00001602.jpg 287 39 82 438 287 61
00001554.jpg 205 252 327 281 53 180
00001459.jpg 139 205 281 327 53 123
00001603.jpg 9 445 123 227 327 9
00001604.jpg 227 180 327 227 53 139
00001605.jpg 205 72 53 123 180 327
00001363.jpg 180 281 139 205 227 327
00001265.jpg 252 327 252 281 180 281
00001606.jpg 205 281 227 252 205 281
00001217.jpg 205 252 327 281 53 180
00001507.jpg 72 9 9 325 9 227
00001049.jpg 452 120 314 32 405 351
00001607.jpg 76 19 340 304 146 288
00001218.jpg 72 9 9 325 9 227
00001608.jpg 139 205 180 327 327 180
00001555.jpg 180 281 180 327 281 180
00001318.jpg 125 28 28 171 171 304
00001609.jpg 287 39 82 438 287 61
00001460.jpg 445 72 227 9 162 446
00001610.jpg 9 72 123 227 72 281
00001364.jpg 180 53 327 281 9 205
00001611.jpg 108 293 264 313 451 96
00001266.jpg 227 327 9 9 72 139
00001508.jpg 9 9 72 123 227 72
00001612.jpg 227 9 445 72 227 9
00001650.jpg 19 340 304 146 288 146
00001219.jpg 260 231 143 57 141 125
00001556.jpg 327 53 9 227 9 327
00001365.jpg 72 9 205 252 281 180
00001613.jpg 123 180 327 445 139 72
00001651.jpg 180 227 9 61 264 139
00001614.jpg 180 53 327 281 9 205
00001461.jpg 304 108 293 264 313 451
00001319.jpg 9 325 9 227 9 205
00001557.jpg 227 9 205 281 227 252
00001366.jpg 227 9 61 264 139 227
00001652.jpg 72 9 9 325 9 227
00001615.jpg 9 325 9 227 72 9
00001509.jpg 293 264 72 139 227 9
00001267.jpg 72 139 205 281 327 53
00001220.jpg 9 205 227 9 205 227
00001367.jpg 327 227 180 72 227 9
00001616.jpg 93 101 450 72 139 205
00001462.jpg 53 123 205 252 281 252
00001617.jpg 227 9 445 72 180 227
00001558.jpg 293 264 313 451 96 250
00001653.jpg 304 146 288 146 171 146
00001618.jpg 264 72 139 227 9 445
00001510.jpg 180 327 327 180 287 39
00001619.jpg 281 9 139 252 158 72
00001463.jpg 252 139 252 139 252 180
00001368.jpg 438 287 61 76 19 340
00001320.jpg 123 227 327 9 9 72
00001620.jpg 9 227 9 445 72 227
00001654.jpg 82 438 287 61 76 19
00001268.jpg 72 227 9 9 9 325
00001621.jpg 180 281 139 205 227 327
00001464.jpg 72 139 293 264 72 139
00001559.jpg 9 9 9 325 9 227
00001221.jpg 281 180 139 180 205 252
00001511.jpg 327 281 53 180 327 158
00001622.jpg 281 180 327 281 180 139
00001655.jpg 123 205 252 281 252 327
00001369.jpg 287 61 76 19 340 304
00001623.jpg 96 250 140 147 210 452
00001222.jpg 72 180 227 9 61 264
00001512.jpg 252 180 281 139 205 227
00001624.jpg 9 9 227 72 139 205
00001656.jpg 9 9 325 9 227 9
00001513.jpg 123 180 252 9 9 227
00001560.jpg 61 264 139 227 9 9
00001465.jpg 252 293 264 72 9 447
00001625.jpg 123 227 72 281 327 227
00001321.jpg 205 180 327 327 180 53
00001269.jpg 443 444 368 9 227 9
00001514.jpg 9 72 9 447 252 293
00001626.jpg 61 76 19 340 304 146
00001627.jpg 252 281 252 327 252 281
00001657.jpg 205 180 139 205 252 327
00001370.jpg 72 123 227 72 281 327
00001561.jpg 252 281 9 281 252 327
00001223.jpg 9 327 445 123 9 205
00001515.jpg 53 123 180 252 9 9
00001466.jpg 123 9 205 139 227 72
00001658.jpg 304 146 288 146 171 146
00001628.jpg 61 264 139 227 9 9
00001516.jpg 57 183 125 28 28 171
00001629.jpg 9 9 72 139 205 281
00001270.jpg 180 53 327 281 9 205
00001562.jpg 72 139 227 9 445 72
00001371.jpg 327 227 9 9 72 123
00001630.jpg 281 252 327 180 53 123
00001322.jpg 227 180 72 227 9 9
00001224.jpg 9 72 139 205 281 327
00001659.jpg 9 9 72 123 227 72
00001631.jpg 180 327 227 53 139 227
00001467.jpg 281 53 180 327 158 281
00001517.jpg 180 327 227 53 139 227
00001632.jpg 9 325 9 227 9 205
00001271.jpg 205 252 139 205 180 327
00001518.jpg 53 9 227 9 327 327
00001633.jpg 252 139 252 180 281 139
00001225.jpg 205 281 252 227 9 205
00001634.jpg 325 9 227 9 205 72
00001468.jpg 264 313 451 96 250 140
00001372.jpg 125 28 28 171 171 304
00001519.jpg 53 123 180 252 9 9
00001660.jpg 205 252 281 180 327 327
00001323.jpg 285 325 260 231 143 57
00001563.jpg 139 205 281 252 227 9
00001520.jpg 39 82 438 287 61 76
00001226.jpg 227 9 162 446 327 227
00001635.jpg 9 205 9 445 180 9
00001469.jpg 264 72 139 227 9 445
00001521.jpg 143 57 141 125 449 124
00001636.jpg 72 53 123 180 327 445
00001272.jpg 293 264 72 139 227 9
00001522.jpg 281 252 327 180 53 123
00001637.jpg 57 141 125 449 124 93
00001373.jpg 227 281 9 139 252 158
00001564.jpg 327 180 53 123 205 252
00001523.jpg 281 9 281 252 327 180
00001661.jpg 227 9 327 445 123 9
00001638.jpg 327 445 327 227 9 72
00001227.jpg 19 340 304 146 288 146
00001470.jpg 9 327 327 227 9 9
00001324.jpg 304 108 293 264 313 451
00001639.jpg 281 227 9 205 227 9
00001524.jpg 252 180 252 180 445 53
00001640.jpg 227 9 162 446 327 227
00001525.jpg 252 327 180 53 123 205
00001565.jpg 9 227 327 9 9 325
00001641.jpg 124 93 101 450 72 139
00001662.jpg 205 281 227 9 205 227
00001642.jpg 227 180 72 227 9 9
00001526.jpg 327 180 287 39 82 438
00001325.jpg 61 76 19 340 304 146
00001374.jpg 325 15 285 325 260 231
00001527.jpg 123 9 205 139 227 72
00001643.jpg 327 158 281 327 252 139
00001528.jpg 252 180 252 180 445 53
00001644.jpg 128 293 264 9 227 327
00001273.jpg 57 141 125 449 124 93
00001471.jpg 252 180 252 180 445 53
00001529.jpg 325 9 227 9 205 72
00001228.jpg 205 252 281 180 327 327
00001645.jpg 205 252 281 180 327 327
00001530.jpg 57 141 125 449 124 93
00001646.jpg 443 444 368 9 227 9
00001531.jpg 340 304 146 288 146 171
00001647.jpg 231 143 57 141 125 449
00001532.jpg 123 445 252 53 123 325
00001566.jpg 180 252 9 9 227 72
00001648.jpg 445 72 227 9 162 446
00001533.jpg 180 252 9 9 227 72
00001663.jpg 72 123 227 72 281 327
00001534.jpg 351 19 205 252 281 9
00001326.jpg 264 72 139 227 9 445
00001649.jpg 9 227 327 9 9 325
00001535.jpg 327 227 9 72 9 447
00001375.jpg 9 227 72 139 205 227
00001536.jpg 304 146 288 146 171 146
00001229.jpg 327 227 281 9 139 252
00001472.jpg 61 264 139 227 9 9
00001700.jpg 227 9 205 227 180 327
00001537.jpg 205 227 180 327 227 53
00001701.jpg 252 76 57 183 125 28
00001702.jpg 158 281 327 252 139 252
00001664.jpg 205 281 252 227 9 205
00001274.jpg 205 281 327 53 123 180
00001703.jpg 327 9 9 72 139 205
00001704.jpg 9 445 180 9 123 445
00001538.jpg 327 281 9 205 180 139
00001539.jpg 139 205 281 227 9 205
00001705.jpg 227 72 281 327 227 180
00001230.jpg 252 293 264 72 9 447
00001567.jpg 9 325 9 227 327 9
00001540.jpg 139 252 180 281 139 205
00001327.jpg 327 9 9 72 139 205
00001706.jpg 180 445 53 9 205 9
00001473.jpg 9 205 139 227 72 171
00001665.jpg 327 9 9 325 9 227
00001541.jpg 6 442 118 443 444 368
00001376.jpg 180 205 252 139 205 180
00001542.jpg 447 252 293 264 72 9
00001707.jpg 9 281 252 327 180 53
00001543.jpg 438 287 61 76 19 340
00001708.jpg 405 351 19 205 252 281
00001231.jpg 9 9 72 139 205 281
00001275.jpg 327 281 9 205 180 139
00001544.jpg 325 15 285 325 260 231
00001709.jpg 327 445 327 227 9 72
00001545.jpg 123 445 252 53 123 325
00001710.jpg 227 9 9 445 123 227
00001711.jpg 180 327 227 53 139 227
00001666.jpg 180 327 158 281 327 252
00001546.jpg 452 120 314 32 405 351
00001328.jpg 444 368 9 227 9 445
00001568.jpg 281 227 252 205 281 227
00001712.jpg 53 9 205 9 445 180
00001377.jpg 180 252 180 445 53 9
00001547.jpg 205 180 139 205 252 327
00001474.jpg 264 72 9 447 72 139
00001713.jpg 227 9 205 227 9 205
00001548.jpg 53 123 180 327 445 139
00001714.jpg 72 139 293 264 72 139
00001549.jpg 180 227 9 61 264 139
00001232.jpg 445 53 9 205 9 445
00001715.jpg 281 180 327 281 180 139
00001276.jpg 293 264 72 139 227 9
00001750.jpg 9 445 180 9 123 445
00001569.jpg 281 327 252 139 252 139
00001751.jpg 9 227 9 327 327 227
00001752.jpg 327 227 9 327 445 123
00001753.jpg 227 9 445 72 180 227
00001667.jpg 281 9 205 180 139 205
00001716.jpg 281 252 327 180 53 123
00001329.jpg 227 327 9 9 325 9
00001233.jpg 281 9 139 252 158 72
00001277.jpg 9 72 139 205 281 327
00001378.jpg 325 9 227 327 9 9
00001475.jpg 72 227 9 162 446 327
00001754.jpg 252 158 72 9 205 252
00001717.jpg 447 252 293 264 72 9
00001755.jpg 210 452 120 314 32 405
00001570.jpg 9 72 139 205 281 327
00001278.jpg 447 72 139 293 264 72
00001756.jpg 101 450 72 139 205 281
00001330.jpg 445 72 227 9 162 446
00001668.jpg 82 438 287 61 76 19
00001757.jpg 53 123 180 327 445 139
00001234.jpg 180 327 281 180 139 180
00001571.jpg 123 180 327 445 139 72
00001476.jpg 28 171 171 304 108 293
00001379.jpg 327 445 123 9 205 139
00001758.jpg 76 19 340 304 146 288
00001718.jpg 227 327 9 9 325 9
00001759.jpg 281 327 53 123 180 252
00001760.jpg 227 180 72 227 9 9
00001279.jpg 227 9 205 227 9 205
00001761.jpg 281 227 252 205 281 227
00001572.jpg 139 180 205 252 139 205
00001669.jpg 327 445 327 227 9 72
00001477.jpg 9 72 123 227 72 281
00001719.jpg 293 264 72 9 447 72
00001762.jpg 139 227 9 9 445 123
00001331.jpg 405 351 19 205 252 281
00001763.jpg 9 227 9 445 72 227
00001235.jpg 205 252 139 205 180 327
00001720.jpg 227 9 205 227 9 205
00001764.jpg 446 327 227 9 327 445
00001280.jpg 123 205 252 281 252 327
00001380.jpg 6 442 118 443 444 368
00001478.jpg 340 304 146 288 146 171
00001721.jpg 447 72 139 293 264 72
00001670.jpg 227 180 72 227 9 9
00001573.jpg 252 281 180 281 180 327
00001765.jpg 72 227 9 162 446 327
00001332.jpg 93 101 450 72 139 205
00001722.jpg 327 227 281 9 139 252
00001574.jpg 9 227 327 9 9 325
00001766.jpg 123 205 252 281 252 327
00001281.jpg 446 327 227 9 327 445
00001236.jpg 139 205 227 327 53 9
00001381.jpg 252 180 281 139 205 227
00001767.jpg 252 158 72 9 205 252
00001479.jpg 171 304 108 293 264 313
00001723.jpg 9 227 72 9 9 325
00001671.jpg 139 180 205 252 139 205
00001333.jpg 227 53 139 227 252 76
00001575.jpg 327 281 180 139 180 205
00001282.jpg 293 264 313 451 96 250
00001576.jpg 252 158 72 9 205 252
00001724.jpg 180 72 227 9 9 9
00001480.jpg 227 252 205 281 227 139
00001334.jpg 72 139 205 281 252 227
00001283.jpg 180 327 327 180 287 39
00001725.jpg 445 180 9 123 445 252
00001672.jpg 180 281 180 327 281 180
00001237.jpg 327 227 53 139 227 53
00001768.jpg 123 445 252 53 123 325
00001577.jpg 325 9 227 327 9 9
00001382.jpg 101 450 72 139 205 281
00001769.jpg 146 288 146 171 146 158
00001726.jpg 53 180 327 158 281 327
00001284.jpg 61 264 139 227 9 9
00001727.jpg 9 447 72 139 293 264
00001578.jpg 9 205 252 281 180 327
00001481.jpg 264 9 227 327 445 327
00001770.jpg 139 205 252 327 281 53
00001728.jpg 146 288 146 171 146 158
00001729.jpg 227 9 327 445 123 9
00001730.jpg 53 139 227 53 139 227
00001579.jpg 205 252 327 281 53 180
00001285.jpg 368 9 227 9 445 72
00001731.jpg 9 205 180 139 205 252
00001335.jpg 61 264 139 227 9 9
00001771.jpg 327 227 9 327 445 123
00001673.jpg 227 72 139 205 227 327
00001732.jpg 368 9 227 9 445 72
00001733.jpg 123 325 15 285 325 260
00001580.jpg 9 205 9 445 180 9
00001238.jpg 368 9 227 9 445 72
00001383.jpg 252 293 264 72 9 447
00001482.jpg 72 9 205 252 281 180
00001734.jpg 140 147 210 452 120 314
00001772.jpg 72 227 9 162 446 327
00001735.jpg 327 227 180 72 227 9
00001736.jpg 9 72 139 205 281 327
00001286.jpg 252 180 445 53 9 205
00001737.jpg 180 9 123 445 252 53
00001738.jpg 72 171 128 123 180 128
00001674.jpg 139 180 205 252 139 205
00001773.jpg 180 139 205 252 327 281
00001336.jpg 252 158 72 9 205 252
00001739.jpg 281 327 252 139 252 139
00001581.jpg 53 123 445 252 180 252
00001740.jpg 281 53 180 327 158 281
00001741.jpg 327 327 227 9 9 72
00001742.jpg 9 445 72 180 227 9
00001287.jpg 139 227 252 76 57 183
00001774.jpg 72 171 128 123 180 128
00001384.jpg 445 53 9 205 9 445
00001483.jpg 445 139 72 53 123 445
00001743.jpg 445 180 9 123 445 252
00001239.jpg 53 139 227 53 139 227
00001582.jpg 227 9 9 9 325 9
00001744.jpg 205 180 139 205 252 327
00001288.jpg 72 53 123 445 252 180
00001775.jpg 39 82 438 287 61 76
00001745.jpg 72 53 123 445 252 180
00001675.jpg 205 180 139 205 252 327
00001337.jpg 9 139 252 158 72 9
00001776.jpg 9 447 252 293 264 72
00001746.jpg 6 442 118 443 444 368
00001747.jpg 180 227 9 61 264 139
00001676.jpg 227 9 445 72 180 227
00001289.jpg 180 227 9 61 264 139
00001777.jpg 180 445 53 9 205 9
00001385.jpg 9 281 252 327 180 53
00001583.jpg 53 180 327 158 281 327
00001240.jpg 9 227 9 445 72 227
00001484.jpg 327 252 139 252 139 252
00001778.jpg 108 293 264 313 451 96
00001748.jpg 227 252 205 281 227 139
00001749.jpg 171 304 108 293 264 313
00001677.jpg 205 281 227 252 205 281
00001338.jpg 180 227 9 61 264 139
00001290.jpg 183 125 28 28 171 171
00001584.jpg 227 281 9 139 252 158
00001800.jpg 281 9 205 180 139 205
00001779.jpg 314 32 405 351 19 205
00001678.jpg 180 227 9 61 264 139
00001801.jpg 327 281 9 205 180 139
00001780.jpg 9 227 9 205 72 53
00001241.jpg 281 327 227 180 72 227
00001485.jpg 227 327 9 9 325 9
00001585.jpg 252 281 180 281 180 327
00001802.jpg 139 293 264 72 139 227
00001781.jpg 327 9 9 72 139 205
00001803.jpg 139 293 264 72 139 227
00001782.jpg 227 9 445 72 180 227
00001679.jpg 205 180 139 205 252 327
00001386.jpg 9 205 227 9 205 227
00001783.jpg 205 180 139 205 252 327
00001586.jpg 227 139 139 205 281 227
00001339.jpg 252 53 123 325 15 285
00001804.jpg 124 93 101 450 72 139
00001291.jpg 227 327 445 327 227 9
00001805.jpg 146 171 146 158 9 139
00001784.jpg 325 9 227 327 9 9
00001785.jpg 252 9 9 227 72 139
00001806.jpg 128 123 180 128 293 264
00001587.jpg 445 180 9 123 445 252
00001242.jpg 252 180 281 139 205 227
00001387.jpg 123 227 327 9 9 72
00001680.jpg 227 9 205 281 227 252
00001786.jpg 327 227 9 72 9 447
00001486.jpg 252 139 252 139 252 180
00001807.jpg 9 325 9 227 327 9
00001787.jpg 139 227 9 9 445 123
00001340.jpg 180 128 293 264 9 227
00001292.jpg 445 327 227 9 72 9
00001243.jpg 180 53 123 205 252 281
00001808.jpg 327 445 139 72 53 123
00001588.jpg 327 53 123 180 252 9
00001788.jpg 287 61 76 19 340 304
00001388.jpg 9 61 264 139 227 9
00001809.jpg 96 250 140 147 210 452
00001789.jpg 9 325 9 227 72 9
00001681.jpg 72 53 123 180 327 445
00001244.jpg 327 180 287 39 82 438
00001293.jpg 227 139 139 205 281 227
00001790.jpg 227 9 327 445 123 9
00001810.jpg 327 9 9 325 9 227
00001487.jpg 72 53 123 180 327 445
00001791.jpg 143 57 141 125 449 124
00001792.jpg 281 327 252 139 252 139
00001811.jpg 340 304 146 288 146 171
00001389.jpg 180 139 180 205 252 139
00001812.jpg 252 281 9 281 252 327
00001793.jpg 123 227 327 9 9 72
00001589.jpg 180 53 123 205 252 281
00001813.jpg 325 260 231 143 57 141
00001794.jpg 123 445 252 180 252 180
00001682.jpg 9 447 252 293 264 72
00001814.jpg 281 53 180 327 158 281
00001795.jpg 171 171 304 108 293 264
00001341.jpg 39 82 438 287 61 76
00001815.jpg 139 227 9 445 72 180
00001796.jpg 53 327 281 9 205 180
00001390.jpg 123 445 252 53 123 325
00001245.jpg 285 325 260 231 143 57
00001816.jpg 140 147 210 452 120 314
00001797.jpg 325 9 227 327 9 9
00001488.jpg 368 9 227 9 445 72
00001798.jpg 9 447 72 139 293 264
00001294.jpg 19 340 304 146 288 146
00001817.jpg 327 53 123 180 252 9
00001818.jpg 252 281 180 327 327 180
00001799.jpg 304 108 293 264 313 451
00001590.jpg 9 445 123 227 327 9
00001819.jpg 252 9 9 227 72 139
00001391.jpg 205 227 9 205 227 180
00001820.jpg 446 327 227 9 327 445
00001850.jpg 446 327 227 9 327 445
00001821.jpg 9 139 252 158 72 9
00001851.jpg 252 53 123 325 15 285
00001683.jpg 9 9 9 325 9 227
00001822.jpg 139 252 180 281 139 205
00001489.jpg 445 72 180 227 9 61
00001342.jpg 9 445 180 9 123 445
00001823.jpg 205 227 327 227 281 9
00001246.jpg 443 444 368 9 227 9
00001824.jpg 139 205 252 327 281 53
00001852.jpg 281 327 227 180 72 227
00001591.jpg 180 205 252 139 205 180
00001295.jpg 264 9 227 327 445 327
00001392.jpg 180 327 227 53 139 227
00001296.jpg 139 205 281 252 227 9
00001853.jpg 252 139 252 180 281 139
00001825.jpg 442 118 443 444 368 9
00001684.jpg 227 327 227 281 9 139
00001826.jpg 205 281 327 53 123 180
00001854.jpg 9 205 227 9 205 227
00001247.jpg 180 139 205 252 327 281
00001827.jpg 19 340 304 146 288 146
00001393.jpg 72 139 227 9 445 72
00001297.jpg 227 327 53 9 227 9
00001343.jpg 53 123 445 252 180 252
00001855.jpg 252 180 445 53 9 205
00001490.jpg 327 327 180 287 39 82
00001592.jpg 139 205 281 252 227 9
00001828.jpg 9 447 252 293 264 72
00001829.jpg 9 61 264 139 227 9
00001685.jpg 72 53 123 445 252 180
00001856.jpg 180 128 293 264 9 227
00001830.jpg 205 227 180 327 227 53
00001298.jpg 281 252 327 252 281 180
00001394.jpg 227 9 9 445 123 227
00001248.jpg 9 325 9 227 72 9
00001831.jpg 227 72 171 128 123 180
00001857.jpg 72 123 227 72 281 327
00001593.jpg 281 327 227 180 72 227
00001832.jpg 327 281 180 139 180 205
00001344.jpg 325 9 227 9 205 72
00001299.jpg 140 147 210 452 120 314
00001686.jpg 227 327 445 327 227 9
00001833.jpg 158 281 327 252 139 252
00001491.jpg 252 281 9 281 252 327
00001858.jpg 124 93 101 450 72 139
00001395.jpg 140 147 210 452 120 314
00001834.jpg 139 205 227 327 53 9
00001249.jpg 447 252 293 264 72 9
00001835.jpg 72 139 205 281 327 53
00001594.jpg 158 281 327 252 139 252
00001859.jpg 61 76 19 340 304 146
00001900.jpg 180 252 9 9 227 72
00001836.jpg 9 327 445 123 9 205
00001396.jpg 123 180 327 445 139 72
00001837.jpg 9 205 9 445 180 9
00001860.jpg 227 327 53 9 227 9
00001687.jpg 281 252 327 252 281 180
00001838.jpg 57 183 125 28 28 171
00001492.jpg 264 72 9 447 72 139
00001345.jpg 57 141 125 449 124 93
00001839.jpg 327 227 9 9 72 123
00001840.jpg 252 180 252 180 445 53
00001950.jpg 227 72 171 128 123 180
00001841.jpg 139 293 264 72 139 227
00001901.jpg 128 293 264 9 227 327
00001861.jpg 205 227 180 327 227 53
00001842.jpg 124 93 101 450 72 139
00001595.jpg 327 281 53 180 327 158
00001843.jpg 72 281 327 227 180 72
00001397.jpg 171 304 108 293 264 313
00001862.jpg 9 447 252 293 264 72
00001844.jpg 281 252 327 180 53 123
00001688.jpg 72 180 227 9 61 264
00001845.jpg 314 32 405 351 19 205
00001902.jpg 227 53 139 227 53 139
00001951.jpg 252 327 180 53 123 205
00001846.jpg 125 28 28 171 171 304
00001863.jpg 101 450 72 139 205 281
00001847.jpg 9 72 9 447 252 293
00001596.jpg 171 128 123 180 128 293
00001848.jpg 445 123 9 205 139 227
00001346.jpg 205 252 327 281 53 180
00001398.jpg 183 125 28 28 171 171
00001864.jpg 281 227 139 139 205 281
00001493.jpg 205 180 327 327 180 53
00001849.jpg 227 53 139 227 53 139
00001903.jpg 325 9 227 327 9 9
00001347.jpg 53 123 180 327 445 139
00001689.jpg 9 447 252 293 264 72
00001952.jpg 53 180 327 158 281 327
00001597.jpg 53 123 205 252 281 252
00001399.jpg 72 171 128 123 180 128
00001865.jpg 281 327 53 123 180 252
00001494.jpg 293 264 72 9 447 72
00001348.jpg 205 252 281 252 327 252
00001904.jpg 227 9 205 72 53 123
00001953.jpg 72 53 123 445 252 180
00001598.jpg 450 72 139 205 281 252
00001866.jpg 327 227 9 72 9 447
00001349.jpg 252 327 281 53 180 327
00001954.jpg 9 325 9 227 327 9
00001905.jpg 139 205 227 327 227 281
00001690.jpg 445 139 72 53 123 445
00001495.jpg 180 252 9 9 227 72
00001867.jpg 227 327 227 281 9 139
00001955.jpg 327 180 287 39 82 438
00001599.jpg 139 205 281 227 9 205
00001906.jpg 9 445 123 227 327 9
00001956.jpg 227 72 281 327 227 180
00001691.jpg 72 139 205 281 252 227
00001868.jpg 227 72 171 128 123 180
00001957.jpg 139 205 281 327 53 123
00001496.jpg 9 72 9 447 252 293
00001907.jpg 9 9 325 9 227 72
00001908.jpg 327 252 139 252 139 252
00001958.jpg 205 227 9 205 227 180
00001869.jpg 53 9 205 9 445 180
00001909.jpg 252 180 281 139 205 227
00001959.jpg 180 327 327 180 287 39
00001910.jpg 123 9 205 139 227 72
00001870.jpg 264 139 227 9 9 445
00001960.jpg 227 252 76 57 183 125
00001911.jpg 227 180 327 227 53 139
00001692.jpg 180 327 281 180 139 180
00001912.jpg 9 227 72 139 205 227
00001913.jpg 15 285 325 260 231 143
00001961.jpg 227 9 205 227 9 205
00001871.jpg 139 205 227 327 53 9
00001914.jpg 227 9 205 72 53 123
00001497.jpg 227 9 327 445 123 9
00001962.jpg 327 180 287 39 82 438
00001915.jpg 9 227 9 205 72 53
00001872.jpg 53 123 180 327 445 139
00001963.jpg 327 227 9 327 445 123
00001916.jpg 39 82 438 287 61 76
00001964.jpg 139 72 53 123 445 252
00001917.jpg 28 28 171 171 304 108
00001693.jpg 252 139 252 180 281 139
00001873.jpg 227 9 72 9 447 252
00001965.jpg 252 281 180 327 327 180
00001498.jpg 9 227 72 139 205 227
00001918.jpg 327 227 9 9 72 123
00001966.jpg 252 180 445 53 9 205
00001919.jpg 72 9 9 325 9 227
00001967.jpg 57 183 125 28 28 171
00001920.jpg 445 72 180 227 9 61
00001968.jpg 101 450 72 139 205 281
00001921.jpg 53 139 227 252 76 57
00001969.jpg 285 325 260 231 143 57
00001922.jpg 281 227 252 205 281 227
00001874.jpg 158 72 9 205 252 281
00001923.jpg 325 9 227 72 9 9
00001694.jpg 9 227 327 445 327 227
00001499.jpg 264 72 9 447 72 139
00001970.jpg 281 9 139 252 158 72
00001924.jpg 446 327 227 9 327 445
00001925.jpg 9 9 9 325 9 227
00001695.jpg 252 180 281 139 205 227
00001971.jpg 139 205 252 327 281 53
00001926.jpg 327 445 123 9 205 139
00001927.jpg 281 327 227 180 72 227
00001928.jpg 445 252 53 123 325 15
00001875.jpg 53 139 227 252 76 57
00001696.jpg 118 443 444 368 9 227
00001972.jpg 9 281 252 327 180 53
00001929.jpg 327 445 139 72 53 123
00001930.jpg 227 9 72 9 447 252
00001697.jpg 9 205 9 445 180 9
00001931.jpg 205 281 227 9 205 227
00001932.jpg 227 53 139 227 252 76
00001973.jpg 293 264 313 451 96 250
00001698.jpg 227 139 139 205 281 227
00001876.jpg 72 281 327 227 180 72
00001933.jpg 444 368 9 227 9 445
00001877.jpg 9 205 227 9 205 227
00001934.jpg 227 9 205 227 180 327
00001699.jpg 327 281 9 205 180 139
00001935.jpg 445 180 9 123 445 252
00001974.jpg 171 304 108 293 264 313
00001878.jpg 108 293 264 313 451 96
00001936.jpg 445 123 9 205 139 227
00001937.jpg 28 28 171 171 304 108
00001879.jpg 281 53 180 327 158 281
00001975.jpg 139 227 9 445 72 180
00001938.jpg 281 227 9 205 227 9
00001976.jpg 325 9 227 72 9 9
00001939.jpg 123 227 72 281 327 227
00001880.jpg 72 9 205 252 281 180
00001977.jpg 9 327 445 123 9 205
00001940.jpg 281 139 205 227 327 227
00001978.jpg 19 340 304 146 288 146
00001881.jpg 227 53 139 227 252 76
00001941.jpg 252 281 180 327 327 180
00001942.jpg 15 285 325 260 231 143
00001882.jpg 252 293 264 72 9 447
00001943.jpg 139 139 205 281 227 9
00001944.jpg 9 205 9 445 180 9
00001979.jpg 139 205 180 327 327 180
00001945.jpg 9 445 72 180 227 9
00001980.jpg 9 325 9 227 9 205
00001946.jpg 72 139 227 9 445 72
00001883.jpg 180 139 180 205 252 139
00001884.jpg 72 139 205 281 327 53
00001947.jpg 141 125 449 124 93 101
00001948.jpg 9 325 9 227 9 205
00001885.jpg 183 125 28 28 171 171
00001981.jpg 451 96 250 140 147 210
00001949.jpg 72 53 123 445 252 180
00001982.jpg 9 205 281 227 252 205
00001886.jpg 281 252 327 180 53 123
00001983.jpg 281 139 205 227 327 227
00001887.jpg 72 9 9 325 9 227
00001984.jpg 281 9 139 252 158 72
00001985.jpg 9 205 139 227 72 171
00001888.jpg 9 9 227 72 139 205
00001986.jpg 314 32 405 351 19 205
00001889.jpg 281 180 281 180 327 281
00001890.jpg 252 281 180 327 327 180
00001987.jpg 281 180 139 180 205 252
00001988.jpg 39 82 438 287 61 76
00001891.jpg 227 72 171 128 123 180
00001892.jpg 53 123 180 327 445 139
00001989.jpg 57 141 125 449 124 93
00001893.jpg 120 314 32 405 351 19
00001894.jpg 139 205 281 327 53 123
00001990.jpg 53 180 327 158 281 327
00001991.jpg 351 19 205 252 281 9
00001895.jpg 445 72 180 227 9 61
00001992.jpg 123 180 252 9 9 227
00001993.jpg 205 227 9 205 227 180
00001896.jpg 451 96 250 140 147 210
00001994.jpg 123 227 72 281 327 227
00001897.jpg 28 171 171 304 108 293
00001995.jpg 227 53 139 227 252 76
00001996.jpg 445 252 180 252 180 445
00001898.jpg 9 447 72 139 293 264
00001997.jpg 9 227 9 445 72 227
00001899.jpg 72 171 128 123 180 128
00001998.jpg 449 124 93 101 450 72
00001999.jpg 281 53 180 327 158 281
